   7.2998047e-03
   3.8423713e-03
   7.6408872e-04
   3.9236666e-03
   4.5304498e-03
   3.1255109e-03
   2.3161742e-03
   5.9418773e-03
   4.4665127e-03
   2.3176883e-03
   6.6686760e-04
   3.9237486e-03
   5.3993764e-03
   4.4039978e-03
   4.2755484e-03
   1.1787497e-03
   1.0946155e-03
   9.9332392e-03
   1.5034203e-03
   2.0679375e-03
   1.3296019e-03
   5.1200207e-03
   5.9476768e-03
   8.3197984e-03
   5.5482515e-03
   9.8070212e-04
   2.4550843e-03
   3.2000362e-03
   4.2182864e-03
   2.5591254e-03
   6.9658731e-04
   3.3630549e-03
   1.3742593e-03
   4.8351786e-03
   1.0897744e-03
   3.2370430e-04
   6.8350650e-03
   3.6924036e-03
   3.0385073e-04
   1.8164068e-04
   2.2525839e-03
   8.0167335e-03
   5.8427290e-03
   1.2281469e-04
   7.8445706e-03
   9.3580027e-04
   4.1282778e-03
   2.3541435e-03
   1.4747591e-03
   1.7801937e-03
   2.8514665e-03
   2.8339489e-03
   1.3464869e-03
   5.4052395e-03
   7.7921675e-03
   1.5054580e-03
   6.2313093e-03
   5.6945832e-03
   2.5105152e-03
   5.2144992e-03
   3.9485085e-03
   1.0573993e-04
   2.5559030e-03
   9.7410280e-03
   1.6242935e-03
   3.3467914e-03
   7.1242938e-04
   2.3531161e-03
   7.4556966e-04
   6.0989221e-04
   1.8179815e-03
   2.4742325e-03
   5.3181406e-04
   7.1713158e-04
   4.2484979e-03
   7.9848181e-03
   3.9565865e-04
   6.2237360e-04
   1.1414491e-03
   1.7968316e-03
   2.2726343e-04
   1.4785475e-03
   3.2592416e-03
   5.1197134e-03
   2.5835164e-04
   2.5212449e-03
   5.1271066e-03
   5.7195095e-03
   2.8182940e-03
   9.3330817e-03
   2.4719171e-03
   1.9385228e-04
   1.1532915e-02
   2.0298907e-03
   3.6083321e-03
   5.4518983e-03
   5.5034017e-03
   1.7418367e-04
   2.7404779e-03
   1.5287449e-03
   8.0760660e-04
   1.2014027e-02
   8.3908583e-04
   1.6056089e-03
   1.0440312e-03
   8.9951441e-03
   1.3998013e-03
   1.0080470e-03
   2.3594160e-03
   4.4758318e-04
   7.2603769e-03
   4.1737801e-03
   2.0810854e-03
   1.0577903e-02
   3.7677853e-03
   1.6055062e-03
   2.8917717e-03
   6.6368878e-04
   1.3876739e-03
   9.4200785e-03
   3.6931975e-03
   1.6323181e-03
   4.6460105e-04
   4.9306233e-03
   8.9929292e-04
   1.1254575e-03
   1.6664080e-03
   3.1252867e-04
   4.8177192e-03
   1.3264126e-03
   1.3647688e-03
   8.4917061e-03
   6.5233949e-03
   5.3128129e-04
   3.2780263e-03
   6.2891758e-03
   1.2811272e-03
   2.3357653e-03
   2.2499872e-04
   1.2789628e-03
   6.3377204e-03
   2.6207410e-03
   8.3151605e-04
   3.0528808e-04
   5.3931143e-03
   2.9495902e-03
   2.0496184e-03
   4.6123499e-04
   1.8855149e-03
   6.1809592e-04
   2.8133491e-03
   6.4661471e-03
   3.5019163e-03
   6.9068496e-04
   4.4518456e-03
   4.7661677e-03
   7.0886627e-03
   3.1641988e-03
   2.2480875e-02
   5.8520998e-03
   5.7646448e-03
   1.6830566e-03
   2.2375426e-03
   5.5695288e-03
   9.6483015e-03
   2.1825223e-04
