   5.7971510e-04
   6.4652771e-03
   3.9135584e-03
   2.0598744e-03
   7.1431128e-04
   1.0640870e-03
   5.3513557e-04
   4.7934970e-05
   2.7617291e-03
   4.4718481e-03
   4.3795305e-02
   4.4053533e-03
   5.8848523e-03
   4.0920384e-03
   5.1461218e-03
   6.4494279e-04
   2.1540970e-03
   2.0710102e-03
   5.1197134e-03
   2.5835164e-04
   2.5212449e-03
   6.5740944e-03
   8.3841039e-04
   1.1820242e-03
   3.0598444e-03
   2.8445481e-03
   4.7164909e-04
   4.7813999e-03
   7.5702548e-03
   2.3118064e-03
   5.1271066e-03
   5.7195095e-03
   2.8182940e-03
   9.3330817e-03
   2.4719171e-03
   1.9385228e-04
   2.7868936e-03
   2.4923283e-04
   2.9494389e-03
   1.0219901e-03
   2.8413812e-03
   1.9567158e-03
   1.8711791e-03
   2.2278943e-03
   8.9410029e-04
   1.1532915e-02
   2.0298907e-03
   3.6083321e-03
   5.1943545e-03
   3.3773577e-03
   6.1053943e-04
   0.0000000e+00
   3.4249376e-03
   6.6198416e-03
   8.5972833e-04
   5.4518983e-03
   5.5034017e-03
   1.7418367e-04
   6.6192304e-03
   3.7821640e-04
   2.8781715e-03
   3.2538749e-03
   2.4918930e-03
   2.7664298e-04
   2.0187464e-03
   4.4939036e-04
   2.7404779e-03
   1.5287449e-03
   8.0760660e-04
   1.2014027e-02
   8.3908583e-04
   1.6056089e-03
   8.4613594e-03
   3.4756380e-03
   2.7704523e-03
   2.7272633e-03
   6.2202722e-03
   2.7223061e-03
   8.6215034e-04
   1.2824600e-02
   2.1938758e-03
   5.6207642e-03
   3.1378690e-03
   3.4490195e-04
   2.1900059e-03
   1.6689342e-03
   7.4863581e-03
   4.4473092e-04
   7.4411462e-03
   6.3373253e-03
   1.0910983e-03
   1.0440312e-03
   8.9951441e-03
   1.3998013e-03
   1.1189273e-04
   1.5074458e-03
   3.4593512e-03
   1.2054619e-03
   3.2143638e-03
   8.7658648e-04
   8.5531383e-03
   3.0941795e-03
   1.4289036e-03
   2.8168890e-02
   1.7980200e-02
   6.5783108e-04
   1.5640040e-03
   4.2119473e-03
   1.7984246e-03
   9.0593777e-04
   2.4188747e-03
   6.8287768e-02
   8.2779924e-04
   1.0080470e-03
   2.3594160e-03
   4.4758318e-04
   5.5678102e-03
   5.1508412e-04
   2.9022656e-03
   7.2603769e-03
   4.1737801e-03
   2.0810854e-03
   7.8216736e-03
   2.8060076e-03
   2.0891003e-03
   3.1009407e-03
   2.4324840e-04
   1.7340732e-03
   9.2431837e-04
   4.2452417e-03
   7.7754163e-04
   3.0696308e-03
   7.9322472e-04
   3.4482361e-03
   5.0818578e-03
   5.0225893e-04
   1.9211401e-03
   1.0577903e-02
   3.7677853e-03
   1.6055062e-03
   2.8917717e-03
   6.6368878e-04
   1.3876739e-03
   1.1451641e-03
   3.0933924e-03
   1.3845911e-03
   1.0888624e-02
   7.8205037e-03
   1.1702888e-03
   1.2737520e-03
   2.5472705e-03
   1.8130380e-03
   4.1267588e-03
   4.6133382e-03
   3.0319539e-03
   2.8480303e-03
   9.4200785e-03
   3.6931975e-03
   1.6323181e-03
   1.9037004e-03
   4.1181767e-03
   5.9814509e-03
   9.8245956e-04
   8.0158358e-03
   5.1013574e-03
   2.0646547e-03
   1.1399132e-03
   1.3049399e-03
   7.6308197e-04
   2.9850606e-03
   1.2249728e-02
   6.2632515e-03
   4.6460105e-04
   4.9306233e-03
   8.9929292e-04
   4.9170970e-03
   1.6012240e-03
   4.7196245e-04
   6.4477754e-03
   4.0971625e-04
   3.9572768e-03
   1.4593360e-03
   7.8971719e-04
   3.9670023e-03
   3.5681600e-04
   1.9330351e-03
   3.0099213e-03
   3.6450717e-04
   4.0310280e-03
   7.1689119e-04
   1.8713123e-03
   0.0000000e+00
   4.5330208e-03
   2.2600388e-03
   5.5609260e-04
   1.1254575e-03
   1.6664080e-03
   3.1252867e-04
   4.8705554e-03
   5.8861665e-03
   2.1879418e-02
   1.0883370e-03
   1.5093851e-04
   2.0571357e-04
   5.5999258e-03
   7.1452922e-03
   9.1198655e-04
   6.3995381e-04
   1.4605285e-03
   5.3402590e-04
   4.8177192e-03
   1.3264126e-03
   1.3647688e-03
   8.4917061e-03
   6.5233949e-03
   5.3128129e-04
   1.4223917e-04
   3.9335030e-03
   4.0122700e-03
   2.8272675e-03
   2.2141729e-04
   2.2589458e-03
   3.9805856e-03
   2.9565025e-03
   1.7667458e-03
   3.5845135e-03
   3.0214007e-03
   2.8717332e-03
   2.8502604e-03
   1.3030578e-03
   1.8362356e-03
   1.2897468e-03
   2.7256686e-03
   2.9623026e-03
   1.3934878e-04
   2.8407786e-03
   3.2780263e-03
   6.2891758e-03
   1.2811272e-03
   2.3357653e-03
   2.2499872e-04
   1.2789628e-03
   1.4472401e-03
   3.3051168e-03
   1.4196572e-03
   6.3377204e-03
   2.6207410e-03
   8.3151605e-04
   8.9950979e-03
   7.0702351e-04
   4.2190444e-03
   5.0476322e-03
   0.0000000e+00
   2.0821837e-04
   4.2018570e-03
   5.5454321e-03
   1.9012640e-03
   5.7472675e-03
   1.2034689e-02
   5.3400237e-03
   3.0528808e-04
   5.3931143e-03
   2.9495902e-03
   2.0496184e-03
   4.6123499e-04
   1.8855149e-03
   2.5046384e-03
   2.0261107e-03
   9.5122168e-03
   4.6882780e-04
   4.3052003e-03
   5.3260530e-04
   2.1623486e-03
   2.4738064e-03
   3.7124137e-04
   3.8949171e-03
   3.0600792e-03
   1.9889273e-03
   6.1809592e-04
   2.8133491e-03
   6.4661471e-03
