   3.0528808e-04
   5.3931143e-03
   2.9495902e-03
   2.0496184e-03
   4.6123499e-04
   1.8855149e-03
   2.5046384e-03
   2.0261107e-03
   9.5122168e-03
   4.6882780e-04
   4.3052003e-03
   5.3260530e-04
   2.1623486e-03
   2.4738064e-03
   3.7124137e-04
   3.8949171e-03
   3.0600792e-03
   1.9889273e-03
   6.1809592e-04
   2.8133491e-03
   6.4661471e-03
   3.5019163e-03
   6.9068496e-04
   4.4518456e-03
   1.8114955e-02
   3.4314505e-02
   1.5876894e-03
   5.0868352e-04
   2.0453474e-03
   4.5437853e-04
   4.3217842e-03
   6.5815262e-03
   6.3390116e-03
   1.6517624e-03
   3.1577764e-03
   1.2961079e-03
   1.2708626e-03
   9.1040718e-04
   3.0798785e-04
   1.4454415e-04
   7.6954458e-04
   4.7661677e-03
   7.0886627e-03
   3.1641988e-03
   2.2480875e-02
   5.8520998e-03
   5.7646448e-03
   1.6830566e-03
   2.2375426e-03
   5.5695288e-03
   9.6483015e-03
   2.1825223e-04
