   1.7184148e-03
   3.9115236e-04
   3.1217425e-04
   7.2998047e-03
   3.8423713e-03
   7.6408872e-04
   1.3126540e-03
   3.2894351e-03
   2.2830598e-03
   3.9236666e-03
   4.5304498e-03
   3.1255109e-03
   2.3161742e-03
   5.9418773e-03
   4.4665127e-03
   1.8425624e-04
   6.3226475e-04
   3.1497079e-03
   8.8897619e-04
   7.0060764e-05
   7.1081663e-03
   5.3888894e-03
   1.6247639e-03
   9.5785657e-03
   1.6690144e-03
   1.0145866e-03
   0.0000000e+00
   2.3176883e-03
   6.6686760e-04
   3.9237486e-03
   1.8846781e-03
   2.0032587e-03
   1.2779949e-03
   6.9161436e-03
   3.8213285e-04
   1.7116388e-03
   3.4320243e-03
   3.6574510e-03
   3.4483451e-04
   5.4021034e-03
   4.5967598e-03
   1.6314005e-03
   5.3993764e-03
   4.4039978e-03
   3.8400196e-03
   2.8180432e-03
   1.9811087e-03
   5.1848652e-03
   3.8574621e-03
   5.5530358e-04
   2.1804789e-03
   8.1860627e-04
   7.2226201e-03
   2.1866368e-03
   9.5673470e-04
   5.5424513e-03
   6.6725415e-04
   2.2809703e-03
   4.8963377e-03
   4.2755484e-03
   1.1787497e-03
   1.0946155e-03
   2.4362097e-03
   1.8282425e-03
   7.1675012e-03
   6.7414483e-04
   9.9332392e-03
   1.5034203e-03
   2.0679375e-03
   1.0969901e-02
   2.0577496e-03
   4.8369812e-03
   1.4321550e-03
   6.7664809e-03
   4.2654719e-03
   6.1056260e-05
   1.3296019e-03
   5.1200207e-03
   5.9476768e-03
   1.1868633e-02
   7.9417867e-03
   0.0000000e+00
   2.4870192e-03
   8.3400350e-03
   2.8107092e-03
   2.5255186e-04
   1.3837164e-03
   1.2887013e-02
   7.1050491e-03
   8.6091736e-03
   5.7517430e-03
   1.4601050e-03
   3.5029449e-03
   5.1662540e-04
   2.7448487e-03
   2.2863728e-06
   3.1123901e-03
   5.9385620e-04
   6.2998222e-03
   7.1539364e-03
   7.6192518e-03
   1.6237132e-03
   2.0070860e-03
   3.5896474e-04
   9.3133286e-04
   4.1583323e-04
   1.9732118e-03
   2.5150888e-02
   3.6174975e-03
   2.1210181e-03
   5.5802515e-03
   2.6968886e-03
   4.5396046e-03
   2.5338323e-03
   1.8869951e-03
   2.7926055e-03
   4.8566552e-04
   1.7279866e-03
   6.6487484e-04
   2.6646478e-03
   5.9326876e-03
   9.3268197e-06
   1.8474093e-03
   2.6461372e-03
   7.7297979e-04
   8.3197984e-03
   5.5482515e-03
   9.8070212e-04
   6.6873974e-04
   1.6286213e-03
   2.4550843e-03
   3.2000362e-03
   4.2182864e-03
   2.5591254e-03
   6.9658731e-04
   3.3630549e-03
   3.2039622e-03
   8.7421544e-04
   3.4461659e-02
   2.8607605e-04
   1.0493510e-03
   9.9336614e-03
   2.0056170e-04
   3.4680760e-03
   7.5295988e-04
   2.0408573e-03
   2.1510618e-03
   1.7704033e-03
   8.6255246e-06
   2.1946537e-02
   1.6474441e-02
   2.5221678e-05
   1.3742593e-03
   4.8351786e-03
   1.0897744e-03
   3.2370430e-04
   6.8350650e-03
   3.6924036e-03
   5.7755728e-03
   2.0389063e-03
   9.5761792e-04
   4.3409238e-03
   4.4198145e-03
   3.5514614e-03
   3.0385073e-04
   1.8164068e-04
   2.2525839e-03
   4.7160645e-03
   8.9062388e-04
   3.5726936e-03
   1.1120166e-03
   2.8527504e-04
   6.8086636e-04
   7.9858666e-03
   1.2931066e-03
   1.1808566e-03
   4.0010877e-03
   8.4580894e-03
   8.0167335e-03
   5.8427290e-03
   1.2281469e-04
   2.4810554e-03
   8.3121520e-04
   2.4882396e-05
   1.9138945e-03
   3.2719631e-04
   1.7136293e-03
   6.8374077e-03
   7.8445706e-03
   9.3580027e-04
   4.1282778e-03
   2.2297858e-03
   1.9318256e-03
   2.0089983e-03
   9.7271210e-03
   4.5583208e-03
   0.0000000e+00
   1.0446678e-03
   1.2581549e-04
   1.3518148e-03
   1.3542149e-03
   6.5125635e-03
   2.1152753e-03
   3.5298035e-03
   3.5034972e-03
   2.2244529e-03
   2.8530943e-03
   3.0530098e-05
   1.1060240e-03
   4.1374102e-03
   3.4005256e-03
   4.1005096e-04
   2.7229561e-03
   2.4429750e-03
   2.7312710e-03
   3.1470102e-03
   7.4102966e-04
   2.3541435e-03
   1.4747591e-03
   1.7801937e-03
   2.3670074e-03
   2.7842221e-03
   1.5682032e-03
   2.2780781e-03
   2.6442126e-03
   2.1239113e-03
   7.5118146e-03
   3.0686422e-03
   3.7825291e-05
   5.2643822e-03
   4.2246452e-03
   2.4467025e-03
   2.2061726e-03
   1.3277414e-03
   1.7239090e-03
   2.0311788e-03
   1.9019577e-03
   8.3739238e-04
   8.2334050e-03
   1.9842089e-03
   1.6320052e-03
   3.3150645e-03
   8.6705667e-04
   9.0056688e-04
   4.5621222e-03
   1.3375285e-03
   2.8514665e-03
   2.8339489e-03
   1.3464869e-03
   2.9172107e-03
   1.4366574e-02
   1.7554707e-03
   1.3233170e-03
   5.4052395e-03
   7.7921675e-03
   1.5054580e-03
   9.7164560e-04
   2.1950721e-03
   9.8957348e-03
   3.1060215e-04
   4.0345920e-03
   8.4904084e-04
   6.2313093e-03
   5.6945832e-03
   2.5105152e-03
   4.0287462e-03
   5.0028504e-03
   3.0243143e-03
   3.7364780e-04
   5.5250902e-04
   1.7616715e-03
   4.4557308e-03
   4.7234501e-03
   8.6107572e-04
   3.6503254e-03
   1.8473591e-03
   2.4292374e-04
   2.5097034e-03
   3.7590599e-03
   8.6766091e-04
   5.2144992e-03
   3.9485085e-03
   1.0573993e-04
   2.5559030e-03
   9.7410280e-03
   1.6242935e-03
   3.3467914e-03
   7.1242938e-04
   2.3531161e-03
   5.6112204e-03
   4.5978924e-03
   4.6808395e-03
   1.9567792e-03
   7.4556966e-04
   6.0989221e-04
   1.8179815e-03
   8.4043398e-03
   9.8195726e-03
   4.8300789e-03
   4.1799267e-03
   7.7902915e-04
   6.4228481e-04
   1.0110059e-03
   2.4742325e-03
   5.3181406e-04
   7.1713158e-04
   4.2484979e-03
   7.9848181e-03
   3.9565865e-04
   7.6617725e-03
   5.5337294e-03
   1.8405783e-03
   1.1013645e-02
   7.8221565e-03
   3.5926253e-04
   6.0588716e-03
   2.9797192e-03
   1.1379416e-03
   2.3452447e-03
   8.6584717e-03
   1.4208157e-04
   8.5764004e-05
   1.3978438e-03
   3.8214792e-03
   3.5224867e-03
   2.4585927e-03
   6.2237360e-04
   1.1414491e-03
   1.7968316e-03
   3.1757171e-03
   1.0253615e-02
   1.5798133e-04
   2.2726343e-04
   1.4785475e-03
   3.2592416e-03
   2.4836709e-03
   2.0219364e-03
   4.4050121e-03
   9.3299043e-03
   1.7324727e-03
   3.5019163e-03
   6.9068496e-04
   4.4518456e-03
   1.8114955e-02
   3.4314505e-02
   1.5876894e-03
   5.0868352e-04
   2.0453474e-03
   4.5437853e-04
   4.3217842e-03
   6.5815262e-03
   6.3390116e-03
   1.6517624e-03
   3.1577764e-03
   1.2961079e-03
   1.2708626e-03
   9.1040718e-04
   3.0798785e-04
   1.4454415e-04
   7.6954458e-04
   4.7661677e-03
   7.0886627e-03
   3.1641988e-03
   2.2480875e-02
   5.8520998e-03
   5.7646448e-03
   1.6830566e-03
   2.2375426e-03
   5.5695288e-03
   9.6483015e-03
   2.1825223e-04
